# Blender v3.6.2 OBJ File: 'cube-ani.blend'
# www.blender.org
mtllib cube-ani_000027.mtl
o Cube
v 0.103026 0.804690 -0.345501
v 0.288196 -0.071313 -0.830283
v 0.587807 0.451782 0.477375
v 0.772977 -0.424221 -0.007406
v -0.772977 0.424221 0.007406
v -0.587807 -0.451782 -0.477375
v -0.288196 0.071313 0.830283
v -0.103026 -0.804690 0.345501
vt 0.875000 0.500000
vt 0.625000 0.750000
vt 0.625000 0.500000
vt 0.375000 1.000000
vt 0.375000 0.750000
vt 0.625000 0.000000
vt 0.375000 0.250000
vt 0.375000 0.000000
vt 0.375000 0.500000
vt 0.125000 0.750000
vt 0.125000 0.500000
vt 0.625000 0.250000
vt 0.875000 0.750000
vt 0.625000 1.000000
vn -0.1819 0.8604 0.4761
vn 0.4761 -0.3466 0.8082
vn -0.8604 -0.3737 0.3466
vn 0.1819 -0.8604 -0.4761
vn 0.8604 0.3737 -0.3466
vn -0.4761 0.3466 -0.8082
usemtl Material
s off
f 5/1/1 3/2/1 1/3/1
f 3/2/2 8/4/2 4/5/2
f 7/6/3 6/7/3 8/8/3
f 2/9/4 8/10/4 6/11/4
f 1/3/5 4/5/5 2/9/5
f 5/12/6 2/9/6 6/7/6
f 5/1/1 7/13/1 3/2/1
f 3/2/2 7/14/2 8/4/2
f 7/6/3 5/12/3 6/7/3
f 2/9/4 4/5/4 8/10/4
f 1/3/5 3/2/5 4/5/5
f 5/12/6 1/3/6 2/9/6
