# Blender v3.6.2 OBJ File: 'cube-ani.blend'
# www.blender.org
mtllib cube-ani_000043.mtl
o Cube
v 1.008721 0.825487 -0.868683
v 1.343310 -0.794056 -0.136195
v 0.276233 1.378979 0.689687
v 0.610823 -0.240564 1.422175
v -0.610823 0.240564 -1.422175
v -0.276233 -1.378979 -0.689687
v -1.343310 0.794056 0.136195
v -1.008721 -0.825487 0.868683
vt 0.875000 0.500000
vt 0.625000 0.750000
vt 0.625000 0.500000
vt 0.375000 1.000000
vt 0.375000 0.750000
vt 0.625000 0.000000
vt 0.375000 0.250000
vt 0.375000 0.000000
vt 0.375000 0.500000
vt 0.125000 0.750000
vt 0.125000 0.500000
vt 0.625000 0.250000
vt 0.875000 0.750000
vt 0.625000 1.000000
vn -0.1850 0.8954 -0.4050
vn -0.4050 0.3060 0.8616
vn -0.8954 -0.3234 -0.3060
vn 0.1850 -0.8954 0.4050
vn 0.8954 0.3234 0.3060
vn 0.4050 -0.3060 -0.8616
usemtl Material
s off
f 5/1/1 3/2/1 1/3/1
f 3/2/2 8/4/2 4/5/2
f 7/6/3 6/7/3 8/8/3
f 2/9/4 8/10/4 6/11/4
f 1/3/5 4/5/5 2/9/5
f 5/12/6 2/9/6 6/7/6
f 5/1/1 7/13/1 3/2/1
f 3/2/2 7/14/2 8/4/2
f 7/6/3 5/12/3 6/7/3
f 2/9/4 4/5/4 8/10/4
f 1/3/5 3/2/5 4/5/5
f 5/12/6 1/3/6 2/9/6
