# Blender v3.6.2 OBJ File: 'cube-ani.blend'
# www.blender.org
mtllib cube-ani_000006.mtl
o Cube
v 0.974866 0.905646 -0.949998
v 0.555454 -0.912421 -1.237746
v 1.262614 0.549394 0.881493
v 0.843201 -1.268674 0.593746
v -0.843201 1.268674 -0.593746
v -1.262614 -0.549394 -0.881493
v -0.555454 0.912421 1.237746
v -0.974866 -0.905646 0.949998
vt 0.875000 0.500000
vt 0.625000 0.750000
vt 0.625000 0.500000
vt 0.375000 1.000000
vt 0.375000 0.750000
vt 0.625000 0.000000
vt 0.375000 0.250000
vt 0.375000 0.000000
vt 0.375000 0.500000
vt 0.125000 0.750000
vt 0.125000 0.500000
vt 0.625000 0.250000
vt 0.875000 0.750000
vt 0.625000 1.000000
vn 0.2222 0.9630 0.1524
vn 0.1524 -0.1887 0.9701
vn -0.9630 0.1923 0.1887
vn -0.2222 -0.9630 -0.1524
vn 0.9630 -0.1923 -0.1887
vn -0.1524 0.1887 -0.9701
usemtl Material
s off
f 5/1/1 3/2/1 1/3/1
f 3/2/2 8/4/2 4/5/2
f 7/6/3 6/7/3 8/8/3
f 2/9/4 8/10/4 6/11/4
f 1/3/5 4/5/5 2/9/5
f 5/12/6 2/9/6 6/7/6
f 5/1/1 7/13/1 3/2/1
f 3/2/2 7/14/2 8/4/2
f 7/6/3 5/12/3 6/7/3
f 2/9/4 4/5/4 8/10/4
f 1/3/5 3/2/5 4/5/5
f 5/12/6 1/3/6 2/9/6
