# Blender v3.6.2 OBJ File: 'cube-ani.blend'
# www.blender.org
mtllib cube-ani_000046.mtl
o Cube
v 0.978367 0.954300 -0.964270
v 1.167476 -0.952945 -0.725673
v 0.739769 1.168901 0.940275
v 0.928878 -0.738344 1.178872
v -0.928878 0.738344 -1.178872
v -0.739769 -1.168901 -0.940275
v -1.167476 0.952945 0.725673
v -0.978367 -0.954300 0.964270
vt 0.875000 0.500000
vt 0.625000 0.750000
vt 0.625000 0.500000
vt 0.375000 1.000000
vt 0.375000 0.750000
vt 0.625000 0.000000
vt 0.375000 0.250000
vt 0.375000 0.000000
vt 0.375000 0.500000
vt 0.125000 0.750000
vt 0.125000 0.500000
vt 0.625000 0.250000
vt 0.875000 0.750000
vt 0.625000 1.000000
vn -0.0979 0.9875 -0.1235
vn -0.1235 0.1111 0.9861
vn -0.9875 -0.1118 -0.1111
vn 0.0979 -0.9875 0.1235
vn 0.9875 0.1118 0.1111
vn 0.1235 -0.1111 -0.9861
usemtl Material
s off
f 5/1/1 3/2/1 1/3/1
f 3/2/2 8/4/2 4/5/2
f 7/6/3 6/7/3 8/8/3
f 2/9/4 8/10/4 6/11/4
f 1/3/5 4/5/5 2/9/5
f 5/12/6 2/9/6 6/7/6
f 5/1/1 7/13/1 3/2/1
f 3/2/2 7/14/2 8/4/2
f 7/6/3 5/12/3 6/7/3
f 2/9/4 4/5/4 8/10/4
f 1/3/5 3/2/5 4/5/5
f 5/12/6 1/3/6 2/9/6
