# Blender v3.6.2 OBJ File: 'cube-ani.blend'
# www.blender.org
mtllib cube-ani_000028.mtl
o Cube
v -0.043834 0.885586 -0.156896
v 0.049338 0.150587 -0.886392
v 0.685661 0.412313 0.413119
v 0.778833 -0.322686 -0.316377
v -0.778833 0.322686 0.316377
v -0.685661 -0.412313 -0.413119
v -0.049338 -0.150587 0.886392
v 0.043834 -0.885586 0.156896
vt 0.875000 0.500000
vt 0.625000 0.750000
vt 0.625000 0.500000
vt 0.375000 1.000000
vt 0.375000 0.750000
vt 0.625000 0.000000
vt 0.375000 0.250000
vt 0.375000 0.000000
vt 0.375000 0.500000
vt 0.125000 0.750000
vt 0.125000 0.500000
vt 0.625000 0.250000
vt 0.875000 0.750000
vt 0.625000 1.000000
vn -0.0896 0.7069 0.7016
vn 0.7016 -0.4552 0.5482
vn -0.7069 -0.5414 0.4552
vn 0.0896 -0.7069 -0.7016
vn 0.7069 0.5414 -0.4552
vn -0.7016 0.4552 -0.5482
usemtl Material
s off
f 5/1/1 3/2/1 1/3/1
f 3/2/2 8/4/2 4/5/2
f 7/6/3 6/7/3 8/8/3
f 2/9/4 8/10/4 6/11/4
f 1/3/5 4/5/5 2/9/5
f 5/12/6 2/9/6 6/7/6
f 5/1/1 7/13/1 3/2/1
f 3/2/2 7/14/2 8/4/2
f 7/6/3 5/12/3 6/7/3
f 2/9/4 4/5/4 8/10/4
f 1/3/5 3/2/5 4/5/5
f 5/12/6 1/3/6 2/9/6
