# Blender v3.6.2 OBJ File: 'cube-ani.blend'
# www.blender.org
mtllib cube-ani_000023.mtl
o Cube
v 0.785227 0.068608 -0.398140
v 0.312064 -0.807018 -0.176474
v 0.563561 0.423762 0.531628
v 0.090398 -0.451863 0.753294
v -0.090398 0.451863 -0.753294
v -0.563561 -0.423762 -0.531628
v -0.312064 0.807018 0.176474
v -0.785227 -0.068608 0.398140
vt 0.875000 0.500000
vt 0.625000 0.750000
vt 0.625000 0.500000
vt 0.375000 1.000000
vt 0.375000 0.750000
vt 0.625000 0.000000
vt 0.375000 0.250000
vt 0.375000 0.000000
vt 0.375000 0.500000
vt 0.125000 0.750000
vt 0.125000 0.500000
vt 0.625000 0.250000
vt 0.875000 0.750000
vt 0.625000 1.000000
vn 0.4640 0.8587 -0.2174
vn -0.2174 0.3483 0.9118
vn -0.8587 0.3759 -0.3483
vn -0.4640 -0.8587 0.2174
vn 0.8587 -0.3759 0.3483
vn 0.2174 -0.3483 -0.9118
usemtl Material
s off
f 5/1/1 3/2/1 1/3/1
f 3/2/2 8/4/2 4/5/2
f 7/6/3 6/7/3 8/8/3
f 2/9/4 8/10/4 6/11/4
f 1/3/5 4/5/5 2/9/5
f 5/12/6 2/9/6 6/7/6
f 5/1/1 7/13/1 3/2/1
f 3/2/2 7/14/2 8/4/2
f 7/6/3 5/12/3 6/7/3
f 2/9/4 4/5/4 8/10/4
f 1/3/5 3/2/5 4/5/5
f 5/12/6 1/3/6 2/9/6
