# Blender v3.6.2 OBJ File: 'cube-ani.blend'
# www.blender.org
mtllib cube-ani_000009.mtl
o Cube
v 0.992171 0.646923 -0.932588
v 0.003953 -0.733599 -1.316985
v 1.376569 -0.058264 0.611798
v 0.388351 -1.438786 0.227400
v -0.388351 1.438786 -0.227400
v -1.376569 0.058264 -0.611798
v -0.003953 0.733599 1.316985
v -0.992171 -0.646923 0.932588
vt 0.875000 0.500000
vt 0.625000 0.750000
vt 0.625000 0.500000
vt 0.375000 1.000000
vt 0.375000 0.750000
vt 0.625000 0.000000
vt 0.375000 0.250000
vt 0.375000 0.000000
vt 0.375000 0.500000
vt 0.125000 0.750000
vt 0.125000 0.500000
vt 0.625000 0.250000
vt 0.875000 0.750000
vt 0.625000 1.000000
vn 0.5677 0.7931 0.2208
vn 0.2208 -0.4051 0.8872
vn -0.7931 0.4549 0.4051
vn -0.5677 -0.7931 -0.2208
vn 0.7931 -0.4549 -0.4051
vn -0.2208 0.4051 -0.8872
usemtl Material
s off
f 5/1/1 3/2/1 1/3/1
f 3/2/2 8/4/2 4/5/2
f 7/6/3 6/7/3 8/8/3
f 2/9/4 8/10/4 6/11/4
f 1/3/5 4/5/5 2/9/5
f 5/12/6 2/9/6 6/7/6
f 5/1/1 7/13/1 3/2/1
f 3/2/2 7/14/2 8/4/2
f 7/6/3 5/12/3 6/7/3
f 2/9/4 4/5/4 8/10/4
f 1/3/5 3/2/5 4/5/5
f 5/12/6 1/3/6 2/9/6
