# Blender v3.6.2 OBJ File: 'cube-ani.blend'
# www.blender.org
mtllib cube-ani_000010.mtl
o Cube
v 0.992048 0.504409 -0.941955
v -0.172448 -0.661223 -1.287987
v 1.338080 -0.272606 0.510972
v 0.173585 -1.438238 0.164939
v -0.173585 1.438238 -0.164939
v -1.338080 0.272606 -0.510972
v 0.172448 0.661223 1.287987
v -0.992048 -0.504409 0.941955
vt 0.875000 0.500000
vt 0.625000 0.750000
vt 0.625000 0.500000
vt 0.375000 1.000000
vt 0.375000 0.750000
vt 0.625000 0.000000
vt 0.375000 0.250000
vt 0.375000 0.000000
vt 0.375000 0.500000
vt 0.125000 0.750000
vt 0.125000 0.500000
vt 0.625000 0.250000
vt 0.875000 0.750000
vt 0.625000 1.000000
vn 0.6917 0.6923 0.2055
vn 0.2055 -0.4615 0.8630
vn -0.6923 0.5547 0.4615
vn -0.6917 -0.6923 -0.2055
vn 0.6923 -0.5547 -0.4615
vn -0.2055 0.4615 -0.8630
usemtl Material
s off
f 5/1/1 3/2/1 1/3/1
f 3/2/2 8/4/2 4/5/2
f 7/6/3 6/7/3 8/8/3
f 2/9/4 8/10/4 6/11/4
f 1/3/5 4/5/5 2/9/5
f 5/12/6 2/9/6 6/7/6
f 5/1/1 7/13/1 3/2/1
f 3/2/2 7/14/2 8/4/2
f 7/6/3 5/12/3 6/7/3
f 2/9/4 4/5/4 8/10/4
f 1/3/5 3/2/5 4/5/5
f 5/12/6 1/3/6 2/9/6
