# Blender v3.6.2 OBJ File: 'cube-ani.blend'
# www.blender.org
mtllib cube-ani_000041.mtl
o Cube
v 1.090503 0.693929 -0.712941
v 1.297357 -0.576266 0.404725
v -0.027162 1.436672 0.338018
v 0.179691 0.166477 1.455684
v -0.179691 -0.166477 -1.455684
v 0.027162 -1.436672 -0.338018
v -1.297357 0.576266 -0.404725
v -1.090503 -0.693929 0.712941
vt 0.875000 0.500000
vt 0.625000 0.750000
vt 0.625000 0.500000
vt 0.375000 1.000000
vt 0.375000 0.750000
vt 0.625000 0.000000
vt 0.375000 0.250000
vt 0.375000 0.000000
vt 0.375000 0.500000
vt 0.125000 0.750000
vt 0.125000 0.500000
vt 0.625000 0.250000
vt 0.875000 0.750000
vt 0.625000 1.000000
vn -0.1214 0.7452 -0.6557
vn -0.6557 0.4358 0.6166
vn -0.7452 -0.5048 -0.4358
vn 0.1214 -0.7452 0.6557
vn 0.7452 0.5048 0.4358
vn 0.6557 -0.4358 -0.6166
usemtl Material
s off
f 5/1/1 3/2/1 1/3/1
f 3/2/2 8/4/2 4/5/2
f 7/6/3 6/7/3 8/8/3
f 2/9/4 8/10/4 6/11/4
f 1/3/5 4/5/5 2/9/5
f 5/12/6 2/9/6 6/7/6
f 5/1/1 7/13/1 3/2/1
f 3/2/2 7/14/2 8/4/2
f 7/6/3 5/12/3 6/7/3
f 2/9/4 4/5/4 8/10/4
f 1/3/5 3/2/5 4/5/5
f 5/12/6 1/3/6 2/9/6
