# Blender v3.6.2 OBJ File: 'cube-ani.blend'
# www.blender.org
mtllib cube-ani_000036.mtl
o Cube
v 1.084895 0.508253 0.238054
v 0.053546 0.311600 1.179842
v 0.143107 0.996816 -0.691279
v -0.888242 0.800163 0.250509
v 0.888242 -0.800163 -0.250509
v -0.143107 -0.996816 0.691279
v -0.053546 -0.311600 -1.179842
v -1.084895 -0.508253 -0.238054
vt 0.875000 0.500000
vt 0.625000 0.750000
vt 0.625000 0.500000
vt 0.375000 1.000000
vt 0.375000 0.750000
vt 0.625000 0.000000
vt 0.375000 0.250000
vt 0.375000 0.000000
vt 0.375000 0.500000
vt 0.125000 0.750000
vt 0.125000 0.500000
vt 0.625000 0.250000
vt 0.875000 0.750000
vt 0.625000 1.000000
vn 0.7312 0.1394 -0.6677
vn -0.6677 0.3464 -0.6589
vn -0.1394 -0.9277 -0.3464
vn -0.7312 -0.1394 0.6677
vn 0.1394 0.9277 0.3464
vn 0.6677 -0.3464 0.6589
usemtl Material
s off
f 5/1/1 3/2/1 1/3/1
f 3/2/2 8/4/2 4/5/2
f 7/6/3 6/7/3 8/8/3
f 2/9/4 8/10/4 6/11/4
f 1/3/5 4/5/5 2/9/5
f 5/12/6 2/9/6 6/7/6
f 5/1/1 7/13/1 3/2/1
f 3/2/2 7/14/2 8/4/2
f 7/6/3 5/12/3 6/7/3
f 2/9/4 4/5/4 8/10/4
f 1/3/5 3/2/5 4/5/5
f 5/12/6 1/3/6 2/9/6
