# Blender v3.6.2 OBJ File: 'cube-ani.blend'
# www.blender.org
mtllib cube-ani_000048.mtl
o Cube
v 0.991743 0.990104 -0.990888
v 1.047055 -0.990081 -0.932275
v 0.933130 1.047079 0.989250
v 0.988442 -0.933106 1.047863
v -0.988442 0.933106 -1.047863
v -0.933130 -1.047079 -0.989250
v -1.047055 0.990081 0.932275
v -0.991743 -0.990104 0.990888
vt 0.875000 0.500000
vt 0.625000 0.750000
vt 0.625000 0.500000
vt 0.375000 1.000000
vt 0.375000 0.750000
vt 0.625000 0.000000
vt 0.375000 0.250000
vt 0.375000 0.000000
vt 0.375000 0.500000
vt 0.125000 0.750000
vt 0.125000 0.500000
vt 0.625000 0.250000
vt 0.875000 0.750000
vt 0.625000 1.000000
vn -0.0279 0.9992 -0.0296
vn -0.0296 0.0287 0.9991
vn -0.9992 -0.0288 -0.0287
vn 0.0279 -0.9992 0.0296
vn 0.9992 0.0288 0.0287
vn 0.0296 -0.0287 -0.9991
usemtl Material
s off
f 5/1/1 3/2/1 1/3/1
f 3/2/2 8/4/2 4/5/2
f 7/6/3 6/7/3 8/8/3
f 2/9/4 8/10/4 6/11/4
f 1/3/5 4/5/5 2/9/5
f 5/12/6 2/9/6 6/7/6
f 5/1/1 7/13/1 3/2/1
f 3/2/2 7/14/2 8/4/2
f 7/6/3 5/12/3 6/7/3
f 2/9/4 4/5/4 8/10/4
f 1/3/5 3/2/5 4/5/5
f 5/12/6 1/3/6 2/9/6
