# Blender v3.6.2 OBJ File: 'cube-ani.blend'
# www.blender.org
mtllib cube-ani_000021.mtl
o Cube
v 0.812197 -0.363047 -0.271586
v -0.091807 -0.919368 -0.107517
v 0.648128 0.173644 0.644208
v -0.255876 -0.382677 0.808277
v 0.255876 0.382677 -0.808277
v -0.648128 -0.173644 -0.644208
v 0.091807 0.919368 0.107517
v -0.812197 0.363047 0.271586
vt 0.875000 0.500000
vt 0.625000 0.750000
vt 0.625000 0.500000
vt 0.375000 1.000000
vt 0.375000 0.750000
vt 0.625000 0.000000
vt 0.375000 0.250000
vt 0.375000 0.000000
vt 0.375000 0.500000
vt 0.125000 0.750000
vt 0.125000 0.500000
vt 0.625000 0.250000
vt 0.875000 0.750000
vt 0.625000 1.000000
vn 0.8417 0.5180 -0.1528
vn -0.1528 0.4997 0.8526
vn -0.5180 0.6943 -0.4997
vn -0.8417 -0.5180 0.1528
vn 0.5180 -0.6943 0.4997
vn 0.1528 -0.4997 -0.8526
usemtl Material
s off
f 5/1/1 3/2/1 1/3/1
f 3/2/2 8/4/2 4/5/2
f 7/6/3 6/7/3 8/8/3
f 2/9/4 8/10/4 6/11/4
f 1/3/5 4/5/5 2/9/5
f 5/12/6 2/9/6 6/7/6
f 5/1/1 7/13/1 3/2/1
f 3/2/2 7/14/2 8/4/2
f 7/6/3 5/12/3 6/7/3
f 2/9/4 4/5/4 8/10/4
f 1/3/5 3/2/5 4/5/5
f 5/12/6 1/3/6 2/9/6
