# Blender v3.6.2 OBJ File: 'cube-ani.blend'
# www.blender.org
mtllib cube-ani_000005.mtl
o Cube
v 0.977048 0.946858 -0.964744
v 0.708972 -0.948766 -1.174349
v 1.186653 0.707191 0.934681
v 0.918577 -1.188433 0.725076
v -0.918577 1.188433 -0.725076
v -1.186653 -0.707191 -0.934681
v -0.708972 0.948766 1.174349
v -0.977048 -0.946858 0.964744
vt 0.875000 0.500000
vt 0.625000 0.750000
vt 0.625000 0.500000
vt 0.375000 1.000000
vt 0.375000 0.750000
vt 0.625000 0.000000
vt 0.375000 0.250000
vt 0.375000 0.000000
vt 0.375000 0.500000
vt 0.125000 0.750000
vt 0.125000 0.500000
vt 0.625000 0.250000
vt 0.875000 0.750000
vt 0.625000 1.000000
vn 0.1392 0.9843 0.1088
vn 0.1088 -0.1244 0.9862
vn -0.9843 0.1254 0.1244
vn -0.1392 -0.9843 -0.1088
vn 0.9843 -0.1254 -0.1244
vn -0.1088 0.1244 -0.9862
usemtl Material
s off
f 5/1/1 3/2/1 1/3/1
f 3/2/2 8/4/2 4/5/2
f 7/6/3 6/7/3 8/8/3
f 2/9/4 8/10/4 6/11/4
f 1/3/5 4/5/5 2/9/5
f 5/12/6 2/9/6 6/7/6
f 5/1/1 7/13/1 3/2/1
f 3/2/2 7/14/2 8/4/2
f 7/6/3 5/12/3 6/7/3
f 2/9/4 4/5/4 8/10/4
f 1/3/5 3/2/5 4/5/5
f 5/12/6 1/3/6 2/9/6
