# Blender v3.6.2 OBJ File: 'cube-ani.blend'
# www.blender.org
mtllib cube-ani_000022.mtl
o Cube
v 0.829656 -0.156760 -0.320835
v 0.119492 -0.889220 -0.104147
v 0.612968 0.320142 0.581049
v -0.097196 -0.412319 0.797737
v 0.097196 0.412319 -0.797737
v -0.612968 -0.320142 -0.581049
v -0.119492 0.889220 0.104147
v -0.829656 0.156760 0.320835
vt 0.875000 0.500000
vt 0.625000 0.750000
vt 0.625000 0.500000
vt 0.375000 1.000000
vt 0.375000 0.750000
vt 0.625000 0.000000
vt 0.375000 0.250000
vt 0.375000 0.000000
vt 0.375000 0.500000
vt 0.125000 0.750000
vt 0.125000 0.500000
vt 0.625000 0.250000
vt 0.875000 0.750000
vt 0.625000 1.000000
vn 0.6809 0.7023 -0.2078
vn -0.2078 0.4573 0.8647
vn -0.7023 0.5456 -0.4573
vn -0.6809 -0.7023 0.2078
vn 0.7023 -0.5456 0.4573
vn 0.2078 -0.4573 -0.8647
usemtl Material
s off
f 5/1/1 3/2/1 1/3/1
f 3/2/2 8/4/2 4/5/2
f 7/6/3 6/7/3 8/8/3
f 2/9/4 8/10/4 6/11/4
f 1/3/5 4/5/5 2/9/5
f 5/12/6 2/9/6 6/7/6
f 5/1/1 7/13/1 3/2/1
f 3/2/2 7/14/2 8/4/2
f 7/6/3 5/12/3 6/7/3
f 2/9/4 4/5/4 8/10/4
f 1/3/5 3/2/5 4/5/5
f 5/12/6 1/3/6 2/9/6
