# Blender v3.6.2 OBJ File: 'cube-ani.blend'
# www.blender.org
mtllib cube-ani_000004.mtl
o Cube
v 0.983361 0.973295 -0.978864
v 0.833562 -0.973657 -1.108893
v 1.113390 0.833214 0.968812
v 0.963591 -1.113739 0.838783
v -0.963591 1.113739 -0.838783
v -1.113390 -0.833214 -0.968812
v -0.833562 0.973657 1.108893
v -0.983361 -0.973295 0.978864
vt 0.875000 0.500000
vt 0.625000 0.750000
vt 0.625000 0.500000
vt 0.375000 1.000000
vt 0.375000 0.750000
vt 0.625000 0.000000
vt 0.375000 0.250000
vt 0.375000 0.000000
vt 0.375000 0.500000
vt 0.125000 0.750000
vt 0.125000 0.500000
vt 0.625000 0.250000
vt 0.875000 0.750000
vt 0.625000 1.000000
vn 0.0765 0.9948 0.0664
vn 0.0664 -0.0716 0.9952
vn -0.9948 0.0718 0.0716
vn -0.0765 -0.9948 -0.0664
vn 0.9948 -0.0718 -0.0716
vn -0.0664 0.0716 -0.9952
usemtl Material
s off
f 5/1/1 3/2/1 1/3/1
f 3/2/2 8/4/2 4/5/2
f 7/6/3 6/7/3 8/8/3
f 2/9/4 8/10/4 6/11/4
f 1/3/5 4/5/5 2/9/5
f 5/12/6 2/9/6 6/7/6
f 5/1/1 7/13/1 3/2/1
f 3/2/2 7/14/2 8/4/2
f 7/6/3 5/12/3 6/7/3
f 2/9/4 4/5/4 8/10/4
f 1/3/5 3/2/5 4/5/5
f 5/12/6 1/3/6 2/9/6
