# Blender v3.6.2 OBJ File: 'cube-ani.blend'
# www.blender.org
mtllib cube-ani_000037.mtl
o Cube
v 1.170163 0.501379 0.006942
v 0.400929 0.125137 1.201793
v -0.024688 1.142879 -0.560292
v -0.793922 0.766638 0.634558
v 0.793922 -0.766638 -0.634558
v 0.024688 -1.142879 0.560292
v -0.400929 -0.125137 -1.201793
v -1.170163 -0.501379 -0.006942
vt 0.875000 0.500000
vt 0.625000 0.750000
vt 0.625000 0.500000
vt 0.375000 1.000000
vt 0.375000 0.750000
vt 0.625000 0.000000
vt 0.375000 0.250000
vt 0.375000 0.000000
vt 0.375000 0.500000
vt 0.125000 0.750000
vt 0.125000 0.500000
vt 0.625000 0.250000
vt 0.875000 0.750000
vt 0.625000 1.000000
vn 0.5233 0.2559 -0.8128
vn -0.8128 0.4364 -0.3859
vn -0.2559 -0.8626 -0.4364
vn -0.5233 -0.2559 0.8128
vn 0.2559 0.8626 0.4364
vn 0.8128 -0.4364 0.3859
usemtl Material
s off
f 5/1/1 3/2/1 1/3/1
f 3/2/2 8/4/2 4/5/2
f 7/6/3 6/7/3 8/8/3
f 2/9/4 8/10/4 6/11/4
f 1/3/5 4/5/5 2/9/5
f 5/12/6 2/9/6 6/7/6
f 5/1/1 7/13/1 3/2/1
f 3/2/2 7/14/2 8/4/2
f 7/6/3 5/12/3 6/7/3
f 2/9/4 4/5/4 8/10/4
f 1/3/5 3/2/5 4/5/5
f 5/12/6 1/3/6 2/9/6
