# Blender v3.6.2 OBJ File: 'cube-ani.blend'
# www.blender.org
mtllib cube-ani_000019.mtl
o Cube
v 0.689498 -0.644024 -0.335427
v -0.448424 -0.845157 -0.295486
v 0.649556 -0.205726 0.733784
v -0.488365 -0.406859 0.773726
v 0.488365 0.406859 -0.773726
v -0.649556 0.205726 -0.733784
v 0.448424 0.845157 0.295486
v -0.689498 0.644024 0.335427
vt 0.875000 0.500000
vt 0.625000 0.750000
vt 0.625000 0.500000
vt 0.375000 1.000000
vt 0.375000 0.750000
vt 0.625000 0.000000
vt 0.375000 0.250000
vt 0.375000 0.000000
vt 0.375000 0.500000
vt 0.125000 0.750000
vt 0.125000 0.500000
vt 0.625000 0.250000
vt 0.875000 0.750000
vt 0.625000 1.000000
vn 0.9841 0.1740 -0.0345
vn -0.0345 0.3791 0.9247
vn -0.1740 0.9089 -0.3791
vn -0.9841 -0.1740 0.0345
vn 0.1740 -0.9089 0.3791
vn 0.0345 -0.3791 -0.9247
usemtl Material
s off
f 5/1/1 3/2/1 1/3/1
f 3/2/2 8/4/2 4/5/2
f 7/6/3 6/7/3 8/8/3
f 2/9/4 8/10/4 6/11/4
f 1/3/5 4/5/5 2/9/5
f 5/12/6 2/9/6 6/7/6
f 5/1/1 7/13/1 3/2/1
f 3/2/2 7/14/2 8/4/2
f 7/6/3 5/12/3 6/7/3
f 2/9/4 4/5/4 8/10/4
f 1/3/5 3/2/5 4/5/5
f 5/12/6 1/3/6 2/9/6
