# Blender v3.6.2 OBJ File: 'cube-ani.blend'
# www.blender.org
mtllib cube-ani_000038.mtl
o Cube
v 1.197728 0.522337 -0.219660
v 0.721986 -0.068826 1.108890
v -0.130823 1.267317 -0.363910
v -0.606565 0.676154 0.964641
v 0.606565 -0.676154 -0.964641
v 0.130823 -1.267317 0.363910
v -0.721986 0.068826 -1.108890
v -1.197728 -0.522337 0.219660
vt 0.875000 0.500000
vt 0.625000 0.750000
vt 0.625000 0.500000
vt 0.375000 1.000000
vt 0.375000 0.750000
vt 0.625000 0.000000
vt 0.375000 0.250000
vt 0.375000 0.000000
vt 0.375000 0.500000
vt 0.125000 0.750000
vt 0.125000 0.500000
vt 0.625000 0.250000
vt 0.875000 0.750000
vt 0.625000 1.000000
vn 0.3109 0.3864 -0.8683
vn -0.8683 0.4869 -0.0943
vn -0.3864 -0.7833 -0.4869
vn -0.3109 -0.3864 0.8683
vn 0.3864 0.7833 0.4869
vn 0.8683 -0.4869 0.0943
usemtl Material
s off
f 5/1/1 3/2/1 1/3/1
f 3/2/2 8/4/2 4/5/2
f 7/6/3 6/7/3 8/8/3
f 2/9/4 8/10/4 6/11/4
f 1/3/5 4/5/5 2/9/5
f 5/12/6 2/9/6 6/7/6
f 5/1/1 7/13/1 3/2/1
f 3/2/2 7/14/2 8/4/2
f 7/6/3 5/12/3 6/7/3
f 2/9/4 4/5/4 8/10/4
f 1/3/5 3/2/5 4/5/5
f 5/12/6 1/3/6 2/9/6
