# Blender v3.6.2 OBJ File: 'cube-ani.blend'
# www.blender.org
mtllib cube-ani_000042.mtl
o Cube
v 1.044063 0.762346 -0.804718
v 1.347353 -0.698245 0.126106
v 0.113238 1.421803 0.533351
v 0.416528 -0.038788 1.464175
v -0.416528 0.038788 -1.464175
v -0.113238 -1.421803 -0.533351
v -1.347353 0.698245 -0.126106
v -1.044063 -0.762346 0.804718
vt 0.875000 0.500000
vt 0.625000 0.750000
vt 0.625000 0.500000
vt 0.375000 1.000000
vt 0.375000 0.750000
vt 0.625000 0.000000
vt 0.375000 0.250000
vt 0.375000 0.000000
vt 0.375000 0.500000
vt 0.125000 0.750000
vt 0.125000 0.500000
vt 0.625000 0.250000
vt 0.875000 0.750000
vt 0.625000 1.000000
vn -0.1725 0.8307 -0.5294
vn -0.5294 0.3750 0.7610
vn -0.8307 -0.4115 -0.3750
vn 0.1725 -0.8307 0.5294
vn 0.8307 0.4115 0.3750
vn 0.5294 -0.3750 -0.7610
usemtl Material
s off
f 5/1/1 3/2/1 1/3/1
f 3/2/2 8/4/2 4/5/2
f 7/6/3 6/7/3 8/8/3
f 2/9/4 8/10/4 6/11/4
f 1/3/5 4/5/5 2/9/5
f 5/12/6 2/9/6 6/7/6
f 5/1/1 7/13/1 3/2/1
f 3/2/2 7/14/2 8/4/2
f 7/6/3 5/12/3 6/7/3
f 2/9/4 4/5/4 8/10/4
f 1/3/5 3/2/5 4/5/5
f 5/12/6 1/3/6 2/9/6
