# Blender v3.6.2 OBJ File: 'cube-ani.blend'
# www.blender.org
mtllib cube-ani_000031.mtl
o Cube
v 0.051047 0.846853 0.513579
v -0.686139 0.632300 -0.336066
v 0.900692 0.400016 -0.110771
v 0.163506 0.185463 -0.960416
v -0.163506 -0.185463 0.960416
v -0.900692 -0.400016 0.110771
v 0.686139 -0.632300 0.336066
v -0.051047 -0.846853 -0.513579
vt 0.875000 0.500000
vt 0.625000 0.750000
vt 0.625000 0.500000
vt 0.375000 1.000000
vt 0.375000 0.750000
vt 0.625000 0.000000
vt 0.375000 0.250000
vt 0.375000 0.000000
vt 0.375000 0.500000
vt 0.125000 0.750000
vt 0.125000 0.500000
vt 0.625000 0.250000
vt 0.875000 0.750000
vt 0.625000 1.000000
vn 0.6437 0.1874 0.7419
vn 0.7419 -0.3902 -0.5452
vn -0.1874 -0.9015 0.3902
vn -0.6437 -0.1874 -0.7419
vn 0.1874 0.9015 -0.3902
vn -0.7419 0.3902 0.5452
usemtl Material
s off
f 5/1/1 3/2/1 1/3/1
f 3/2/2 8/4/2 4/5/2
f 7/6/3 6/7/3 8/8/3
f 2/9/4 8/10/4 6/11/4
f 1/3/5 4/5/5 2/9/5
f 5/12/6 2/9/6 6/7/6
f 5/1/1 7/13/1 3/2/1
f 3/2/2 7/14/2 8/4/2
f 7/6/3 5/12/3 6/7/3
f 2/9/4 4/5/4 8/10/4
f 1/3/5 3/2/5 4/5/5
f 5/12/6 1/3/6 2/9/6
