# Blender v3.6.2 OBJ File: 'cube-ani.blend'
# www.blender.org
mtllib cube-ani_000012.mtl
o Cube
v 0.940535 0.141833 -0.962285
v -0.451887 -0.539942 -1.155412
v 1.133662 -0.632995 0.380584
v -0.258761 -1.314769 0.187458
v 0.258761 1.314769 -0.187458
v -1.133662 0.632995 -0.380584
v 0.451887 0.539942 1.155412
v -0.940535 -0.141833 0.962285
vt 0.875000 0.500000
vt 0.625000 0.750000
vt 0.625000 0.500000
vt 0.375000 1.000000
vt 0.375000 0.750000
vt 0.625000 0.000000
vt 0.375000 0.250000
vt 0.375000 0.000000
vt 0.375000 0.500000
vt 0.125000 0.750000
vt 0.125000 0.500000
vt 0.625000 0.250000
vt 0.875000 0.750000
vt 0.625000 1.000000
vn 0.8912 0.4364 0.1236
vn 0.1236 -0.4959 0.8595
vn -0.4364 0.7507 0.4959
vn -0.8912 -0.4364 -0.1236
vn 0.4364 -0.7507 -0.4959
vn -0.1236 0.4959 -0.8595
usemtl Material
s off
f 5/1/1 3/2/1 1/3/1
f 3/2/2 8/4/2 4/5/2
f 7/6/3 6/7/3 8/8/3
f 2/9/4 8/10/4 6/11/4
f 1/3/5 4/5/5 2/9/5
f 5/12/6 2/9/6 6/7/6
f 5/1/1 7/13/1 3/2/1
f 3/2/2 7/14/2 8/4/2
f 7/6/3 5/12/3 6/7/3
f 2/9/4 4/5/4 8/10/4
f 1/3/5 3/2/5 4/5/5
f 5/12/6 1/3/6 2/9/6
