# Blender v3.6.2 OBJ File: 'cube-ani.blend'
# www.blender.org
mtllib cube-ani_000013.mtl
o Cube
v 0.881650 -0.061782 -0.952038
v -0.545846 -0.508855 -1.063306
v 0.992918 -0.747884 0.377205
v -0.434578 -1.194956 0.265936
v 0.434578 1.194956 -0.265936
v -0.992918 0.747884 -0.377205
v 0.545846 0.508855 1.063306
v -0.881650 0.061782 0.952038
vt 0.875000 0.500000
vt 0.625000 0.750000
vt 0.625000 0.500000
vt 0.375000 1.000000
vt 0.375000 0.750000
vt 0.625000 0.000000
vt 0.375000 0.250000
vt 0.375000 0.000000
vt 0.375000 0.500000
vt 0.125000 0.750000
vt 0.125000 0.500000
vt 0.625000 0.250000
vt 0.875000 0.750000
vt 0.625000 1.000000
vn 0.9517 0.2980 0.0742
vn 0.0742 -0.4574 0.8862
vn -0.2980 0.8378 0.4574
vn -0.9517 -0.2980 -0.0742
vn 0.2980 -0.8378 -0.4574
vn -0.0742 0.4574 -0.8862
usemtl Material
s off
f 5/1/1 3/2/1 1/3/1
f 3/2/2 8/4/2 4/5/2
f 7/6/3 6/7/3 8/8/3
f 2/9/4 8/10/4 6/11/4
f 1/3/5 4/5/5 2/9/5
f 5/12/6 2/9/6 6/7/6
f 5/1/1 7/13/1 3/2/1
f 3/2/2 7/14/2 8/4/2
f 7/6/3 5/12/3 6/7/3
f 2/9/4 4/5/4 8/10/4
f 1/3/5 3/2/5 4/5/5
f 5/12/6 1/3/6 2/9/6
