# Blender v3.6.2 OBJ File: 'cube-ani.blend'
# www.blender.org
mtllib cube-ani_000011.mtl
o Cube
v 0.976903 0.334068 -0.954834
v -0.326641 -0.593649 -1.232289
v 1.254357 -0.469554 0.428667
v -0.049186 -1.397270 0.151213
v 0.049186 1.397270 -0.151213
v -1.254357 0.469554 -0.428667
v 0.326641 0.593649 1.232289
v -0.976903 -0.334068 0.954834
vt 0.875000 0.500000
vt 0.625000 0.750000
vt 0.625000 0.500000
vt 0.375000 1.000000
vt 0.375000 0.750000
vt 0.625000 0.000000
vt 0.375000 0.250000
vt 0.375000 0.000000
vt 0.375000 0.500000
vt 0.125000 0.750000
vt 0.125000 0.500000
vt 0.625000 0.250000
vt 0.875000 0.750000
vt 0.625000 1.000000
vn 0.8028 0.5713 0.1709
vn 0.1709 -0.4949 0.8520
vn -0.5713 0.6547 0.4949
vn -0.8028 -0.5713 -0.1709
vn 0.5713 -0.6547 -0.4949
vn -0.1709 0.4949 -0.8520
usemtl Material
s off
f 5/1/1 3/2/1 1/3/1
f 3/2/2 8/4/2 4/5/2
f 7/6/3 6/7/3 8/8/3
f 2/9/4 8/10/4 6/11/4
f 1/3/5 4/5/5 2/9/5
f 5/12/6 2/9/6 6/7/6
f 5/1/1 7/13/1 3/2/1
f 3/2/2 7/14/2 8/4/2
f 7/6/3 5/12/3 6/7/3
f 2/9/4 4/5/4 8/10/4
f 1/3/5 3/2/5 4/5/5
f 5/12/6 1/3/6 2/9/6
