# Blender v3.6.2 OBJ File: 'cube-ani.blend'
# www.blender.org
mtllib cube-ani_000039.mtl
o Cube
v 1.181958 0.566288 -0.421114
v 0.986902 -0.256701 0.924756
v -0.163912 1.360571 -0.130473
v -0.358969 0.537582 1.215398
v 0.358969 -0.537582 -1.215398
v 0.163912 -1.360571 0.130473
v -0.986902 0.256701 -0.924756
v -1.181958 -0.566288 0.421114
vt 0.875000 0.500000
vt 0.625000 0.750000
vt 0.625000 0.500000
vt 0.375000 1.000000
vt 0.375000 0.750000
vt 0.625000 0.000000
vt 0.375000 0.250000
vt 0.375000 0.000000
vt 0.375000 0.500000
vt 0.125000 0.750000
vt 0.125000 0.500000
vt 0.625000 0.250000
vt 0.875000 0.750000
vt 0.625000 1.000000
vn 0.1227 0.5177 -0.8467
vn -0.8467 0.4997 0.1828
vn -0.5177 -0.6944 -0.4997
vn -0.1227 -0.5177 0.8467
vn 0.5177 0.6944 0.4997
vn 0.8467 -0.4997 -0.1828
usemtl Material
s off
f 5/1/1 3/2/1 1/3/1
f 3/2/2 8/4/2 4/5/2
f 7/6/3 6/7/3 8/8/3
f 2/9/4 8/10/4 6/11/4
f 1/3/5 4/5/5 2/9/5
f 5/12/6 2/9/6 6/7/6
f 5/1/1 7/13/1 3/2/1
f 3/2/2 7/14/2 8/4/2
f 7/6/3 5/12/3 6/7/3
f 2/9/4 4/5/4 8/10/4
f 1/3/5 3/2/5 4/5/5
f 5/12/6 1/3/6 2/9/6
