# Blender v3.6.2 OBJ File: 'cube-ani.blend'
# www.blender.org
mtllib cube-ani_000030.mtl
o Cube
v -0.077020 0.899685 0.314240
v -0.491451 0.518532 -0.635384
v 0.872604 0.374789 0.110489
v 0.458174 -0.006364 -0.839136
v -0.458174 0.006364 0.839136
v -0.872604 -0.374789 -0.110489
v 0.491451 -0.518532 0.635384
v 0.077020 -0.899685 -0.314240
vt 0.875000 0.500000
vt 0.625000 0.750000
vt 0.625000 0.500000
vt 0.375000 1.000000
vt 0.375000 0.750000
vt 0.625000 0.000000
vt 0.375000 0.250000
vt 0.375000 0.000000
vt 0.375000 0.500000
vt 0.125000 0.750000
vt 0.125000 0.500000
vt 0.625000 0.250000
vt 0.875000 0.750000
vt 0.625000 1.000000
vn 0.3754 0.3452 0.8602
vn 0.8602 -0.4754 -0.1846
vn -0.3452 -0.8092 0.4754
vn -0.3754 -0.3452 -0.8602
vn 0.3452 0.8092 -0.4754
vn -0.8602 0.4754 0.1846
usemtl Material
s off
f 5/1/1 3/2/1 1/3/1
f 3/2/2 8/4/2 4/5/2
f 7/6/3 6/7/3 8/8/3
f 2/9/4 8/10/4 6/11/4
f 1/3/5 4/5/5 2/9/5
f 5/12/6 2/9/6 6/7/6
f 5/1/1 7/13/1 3/2/1
f 3/2/2 7/14/2 8/4/2
f 7/6/3 5/12/3 6/7/3
f 2/9/4 4/5/4 8/10/4
f 1/3/5 3/2/5 4/5/5
f 5/12/6 1/3/6 2/9/6
