# Blender v3.6.2 OBJ File: 'cube-ani.blend'
# www.blender.org
mtllib cube-ani_000032.mtl
o Cube
v 0.252530 0.770403 0.638043
v -0.770827 0.684869 0.034212
v 0.856361 0.462864 -0.341750
v -0.166996 0.377330 -0.945581
v 0.166996 -0.377330 0.945581
v -0.856361 -0.462864 0.341750
v 0.770827 -0.684869 -0.034212
v -0.252530 -0.770403 -0.638043
vt 0.875000 0.500000
vt 0.625000 0.750000
vt 0.625000 0.500000
vt 0.375000 1.000000
vt 0.375000 0.750000
vt 0.625000 0.000000
vt 0.375000 0.250000
vt 0.375000 0.000000
vt 0.375000 0.500000
vt 0.125000 0.750000
vt 0.125000 0.500000
vt 0.625000 0.250000
vt 0.875000 0.750000
vt 0.625000 1.000000
vn 0.8590 0.0718 0.5069
vn 0.5069 -0.2582 -0.8225
vn -0.0718 -0.9634 0.2582
vn -0.8590 -0.0718 -0.5069
vn 0.0718 0.9634 -0.2582
vn -0.5069 0.2582 0.8225
usemtl Material
s off
f 5/1/1 3/2/1 1/3/1
f 3/2/2 8/4/2 4/5/2
f 7/6/3 6/7/3 8/8/3
f 2/9/4 8/10/4 6/11/4
f 1/3/5 4/5/5 2/9/5
f 5/12/6 2/9/6 6/7/6
f 5/1/1 7/13/1 3/2/1
f 3/2/2 7/14/2 8/4/2
f 7/6/3 5/12/3 6/7/3
f 2/9/4 4/5/4 8/10/4
f 1/3/5 3/2/5 4/5/5
f 5/12/6 1/3/6 2/9/6
