# Blender v3.6.2 OBJ File: 'cube-ani.blend'
# www.blender.org
mtllib cube-ani_000008.mtl
o Cube
v 0.985192 0.759892 -0.931078
v 0.192147 -0.802929 -1.316560
v 1.370674 0.158277 0.714945
v 0.577629 -1.404544 0.329463
v -0.577629 1.404544 -0.329463
v -1.370674 -0.158277 -0.714945
v -0.192147 0.802929 1.316560
v -0.985192 -0.759892 0.931078
vt 0.875000 0.500000
vt 0.625000 0.750000
vt 0.625000 0.500000
vt 0.375000 1.000000
vt 0.375000 0.750000
vt 0.625000 0.000000
vt 0.375000 0.250000
vt 0.375000 0.000000
vt 0.375000 0.500000
vt 0.125000 0.750000
vt 0.125000 0.500000
vt 0.625000 0.250000
vt 0.875000 0.750000
vt 0.625000 1.000000
vn 0.4420 0.8709 0.2148
vn 0.2148 -0.3353 0.9173
vn -0.8709 0.3593 0.3353
vn -0.4420 -0.8709 -0.2148
vn 0.8709 -0.3593 -0.3353
vn -0.2148 0.3353 -0.9173
usemtl Material
s off
f 5/1/1 3/2/1 1/3/1
f 3/2/2 8/4/2 4/5/2
f 7/6/3 6/7/3 8/8/3
f 2/9/4 8/10/4 6/11/4
f 1/3/5 4/5/5 2/9/5
f 5/12/6 2/9/6 6/7/6
f 5/1/1 7/13/1 3/2/1
f 3/2/2 7/14/2 8/4/2
f 7/6/3 5/12/3 6/7/3
f 2/9/4 4/5/4 8/10/4
f 1/3/5 3/2/5 4/5/5
f 5/12/6 1/3/6 2/9/6
